"time","n1","n2","weight",,,,
"t_0","29","10","4.5632976E-4",,,,
"t_0","20","29","4.4284103E-4",,,,
"t_0","23","36","3.960532E-4",,,,
"t_0","27","21","4.0805194E-4",,,,
"t_0","06","01","1.2119529E-4",,,,
"t_0","21","31","3.993381E-4",,,,
"t_0","16","36","4.0262842E-4",,,,
"t_0","30","22","3.7694554E-4",,,,
"t_0","39","02","2.3316588E-4",,,,
"t_0","15","01","2.3037926E-4",,,,
"t_0","11","08","2.0362095E-4",,,,
"t_0","02","38","2.2298055E-4",,,,
"t_0","32","16","4.3635673E-4",,,,
"t_0","21","06","2.1637569E-4",,,,
"t_0","12","16","4.1136544E-4",,,,
"t_0","30","25","4.294417E-4",,,,
"t_0","12","15","4.287351E-4",,,,
"t_0","25","24","3.719374E-4",,,,
"t_0","39","23","4.2285226E-4",,,,
"t_0","28","16","4.2635176E-4",,,,
"t_0","03","40","2.0875418E-4",,,,
"t_0","29","05","2.4372392E-4",,,,
"t_0","22","29","3.865537E-4",,,,
"t_0","19","05","2.3239995E-4",,,,
"t_0","29","35","4.3544237E-4",,,,
"t_0","24","20","3.596224E-4",,,,
"t_0","28","10","4.367733E-4",,,,
"t_0","35","08","2.3866567E-4",,,,
"t_0","12","38","3.6557222E-4",,,,
"t_0","11","09","3.3215425E-4",,,,
"t_0","23","01","2.2765066E-4",,,,
"t_0","28","19","3.925687E-4",,,,
"t_0","38","02","2.2298055E-4",,,,
"t_0","25","39","4.260661E-4",,,,
"t_0","29","13","4.3941542E-4",,,,
"t_0","20","18","3.9669097E-4",,,,
"t_0","18","29","4.0640676E-4",,,,
"t_0","37","24","3.5354705E-4",,,,
"t_0","06","24","1.8488031E-4",,,,
"t_0","10","36","4.093717E-4",,,,
"t_0","05","34","2.5406966E-4",,,,
"t_0","37","22","3.8203836E-4",,,,
"t_0","19","20","4.1091576E-4",,,,
"t_0","22","15","4.039048E-4",,,,
"t_0","08","20","2.4100406E-4",,,,
"t_0","26","05","1.4270651E-4",,,,
"t_0","08","14","2.2801034E-4",,,,
"t_0","24","08","2.0029205E-4",,,,
"t_0","20","10","4.535747E-4",,,,
"t_0","34","23","4.6286505E-4",,,,
"t_0","19","11","3.3594028E-4",,,,
"t_0","38","22","3.4712028E-4",,,,
"t_0","08","35","2.3866567E-4",,,,
"t_0","35","01","2.1946714E-4",,,,
"t_0","16","02","2.4777994E-4",,,,
"t_0","09","34","4.1630332E-4",,,,
"t_0","19","34","4.2991323E-4",,,,
"t_0","10","38","4.0698433E-4",,,,
"t_0","24","36","3.339624E-4",,,,
"t_0","16","18","3.9575985E-4",,,,
"t_0","10","25","4.7371822E-4",,,,
"t_0","18","32","3.9254E-4",,,,
"t_0","34","25","4.8026734E-4",,,,
"t_0","17","27","3.838029E-4",,,,
"t_0","19","04","2.258093E-4",,,,
"t_0","21","25","4.2039852E-4",,,,
"t_0","27","08","2.3809339E-4",,,,
"t_0","35","13","4.2372168E-4",,,,
"t_0","37","39","4.1356584E-4",,,,
"t_0","40","34","4.4632988E-4",,,,
"t_0","18","12","3.766476E-4",,,,
"t_0","18","17","3.557402E-4",,,,
"t_0","01","31","2.191702E-4",,,,
"t_0","05","07","1.2620164E-4",,,,
"t_0","20","34","4.5986407E-4",,,,
"t_0","21","11","3.3759896E-4",,,,
"t_0","02","10","2.5854155E-4",,,,
"t_0","31","17","3.862314E-4",,,,
"t_0","10","05","2.5562E-4",,,,
"t_0","22","32","3.8640655E-4",,,,
"t_0","32","21","4.1812868E-4",,,,
"t_0","13","08","2.4137006E-4",,,,
"t_0","21","34","4.240116E-4",,,,
"t_0","20","36","3.958533E-4",,,,
"t_0","40","02","2.4729857E-4",,,,
"t_0","04","16","2.448046E-4",,,,
"t_0","01","07","1.1866936E-4",,,,
"t_0","24","13","3.6906573E-4",,,,
"t_0","31","38","3.8556586E-4",,,,
"t_0","02","34","2.6610453E-4",,,,
"t_0","31","20","4.2689388E-4",,,,
"t_0","39","20","4.2063495E-4",,,,
"t_0","27","17","3.838029E-4",,,,
"t_0","26","27","2.5565107E-4",,,,
"t_0","40","12","4.0394563E-4",,,,
"t_0","33","17","4.06698E-4",,,,
"t_0","35","06","2.2857024E-4",,,,
"t_0","09","12","3.782263E-4",,,,
"t_0","40","15","4.4072422E-4",,,,
"t_0","40","29","4.2185758E-4",,,,
"t_0","06","33","2.356626E-4",,,,
"t_0","33","10","4.5642603E-4",,,,
"t_0","15","29","4.6232776E-4",,,,
"t_0","12","02","2.3705218E-4",,,,
"t_0","08","11","2.0362095E-4",,,,
"t_0","24","15","3.732985E-4",,,,
"t_0","03","05","1.2775468E-4",,,,
"t_0","11","30","3.5374382E-4",,,,
"t_0","08","02","1.4009244E-4",,,,
"t_0","12","20","4.1664657E-4",,,,
"t_0","24","26","2.2162311E-4",,,,
"t_0","14","39","3.9480015E-4",,,,
"t_0","07","05","1.2620164E-4",,,,
"t_0","39","19","3.8891245E-4",,,,
"t_0","08","27","2.3809339E-4",,,,
"t_0","29","15","4.6232776E-4",,,,
"t_0","13","31","4.3206915E-4",,,,
"t_0","12","32","4.0634352E-4",,,,
"t_0","30","28","4.1315707E-4",,,,
"t_0","16","34","4.6102895E-4",,,,
"t_0","28","23","4.1228608E-4",,,,
"t_0","01","15","2.3037926E-4",,,,
"t_0","33","04","2.4092739E-4",,,,
"t_0","14","03","2.1081936E-4",,,,
"t_0","24","22","3.1648832E-4",,,,
"t_0","17","16","3.9002055E-4",,,,
"t_0","27","22","3.8581644E-4",,,,
"t_0","03","23","2.0862308E-4",,,,
"t_0","38","24","3.248425E-4",,,,
"t_0","02","22","2.2868266E-4",,,,
"t_0","26","16","2.6929277E-4",,,,
"t_0","28","27","4.1723903E-4",,,,
"t_0","33","02","2.550781E-4",,,,
"t_0","22","28","3.7496872E-4",,,,
"t_0","22","02","2.2868266E-4",,,,
"t_0","35","17","4.0446155E-4",,,,
"t_0","07","16","2.3957653E-4",,,,
"t_0","34","11","3.7566695E-4",,,,
"t_0","24","29","3.6228375E-4",,,,
"t_0","36","08","2.185168E-4",,,,
"t_0","18","39","3.8014897E-4",,,,
"t_0","02","13","2.5783878E-4",,,,
"t_0","09","17","3.7476348E-4",,,,
"t_0","01","37","2.2317572E-4",,,,
"t_0","07","14","2.1987571E-4",,,,
"t_0","38","39","3.743534E-4",,,,
"t_0","23","11","3.5893556E-4",,,,
"t_0","38","11","3.2268782E-4",,,,
"t_0","13","25","4.6089257E-4",,,,
"t_0","15","26","2.703767E-4",,,,
"t_0","24","32","3.51028E-4",,,,
"t_0","25","14","4.1441162E-4",,,,
"t_0","20","39","4.2063495E-4",,,,
"t_0","27","40","4.2323573E-4",,,,
"t_0","38","23","3.906993E-4",,,,
"t_0","27","06","2.3949912E-4",,,,
"t_0","13","35","4.2372168E-4",,,,
"t_0","15","10","4.611448E-4",,,,
"t_0","37","10","4.4364843E-4",,,,
"t_0","24","38","3.248425E-4",,,,
"t_0","08","25","2.4514706E-4",,,,
"t_0","33","22","3.9184408E-4",,,,
"t_0","28","05","2.3109539E-4",,,,
"t_0","23","06","2.3307823E-4",,,,
"t_0","37","28","4.1098037E-4",,,,
"t_0","15","38","4.0454388E-4",,,,
"t_0","04","11","1.955437E-4",,,,
"t_0","36","03","2.0986011E-4",,,,
"t_0","08","24","2.0029205E-4",,,,
"t_0","19","36","3.7757636E-4",,,,
"t_0","37","31","4.1670434E-4",,,,
"t_0","07","35","2.4124533E-4",,,,
"t_0","33","18","3.9213448E-4",,,,
"t_0","17","22","3.5676436E-4",,,,
"t_0","11","15","3.770239E-4",,,,
"t_0","15","18","4.030529E-4",,,,
"t_0","08","28","2.33123E-4",,,,
"t_0","39","34","4.426031E-4",,,,
"t_0","01","33","2.2051879E-4",,,,
"t_0","36","31","3.905926E-4",,,,
"t_0","07","38","2.0942441E-4",,,,
"t_0","27","03","2.266518E-4",,,,
"t_0","35","40","4.1586062E-4",,,,
"t_0","35","18","3.8000438E-4",,,,
"t_0","09","11","3.3215425E-4",,,,
"t_0","02","01","1.3296313E-4",,,,
"t_0","35","16","4.2458635E-4",,,,
"t_0","20","25","4.4942918E-4",,,,
"t_0","29","33","4.4452527E-4",,,,
"t_0","40","25","4.365953E-4",,,,
"t_0","04","12","2.2363695E-4",,,,
"t_0","02","09","2.2542031E-4",,,,
"t_0","12","27","4.0456577E-4",,,,
"t_0","19","39","3.8891245E-4",,,,
"t_0","17","37","3.8629808E-4",,,,
"t_0","37","12","4.0740424E-4",,,,
"t_0","38","06","2.0958688E-4",,,,
"t_0","16","40","4.196488E-4",,,,
"t_0","05","31","2.3528519E-4",,,,
"t_0","25","10","4.7371822E-4",,,,
"t_0","04","13","2.4368906E-4",,,,
"t_0","17","20","3.9643218E-4",,,,
"t_0","20","16","4.377381E-4",,,,
"t_0","09","15","4.1183553E-4",,,,
"t_0","19","27","4.0709373E-4",,,,
"t_0","32","40","4.1685323E-4",,,,
"t_0","12","03","2.0638714E-4",,,,
"t_0","32","23","4.27755E-4",,,,
"t_0","26","11","2.1790602E-4",,,,
"t_0","25","23","4.54977E-4",,,,
"t_0","03","26","1.3042246E-4",,,,
"t_0","21","04","2.2991632E-4",,,,
"t_0","23","07","2.4171018E-4",,,,
"t_0","02","11","2.0835343E-4",,,,
"t_0","11","07","1.9689466E-4",,,,
"t_0","17","32","3.924365E-4",,,,
"t_0","13","27","4.317936E-4",,,,
"t_0","06","29","2.4096125E-4",,,,
"t_0","26","21","2.4097208E-4",,,,
"t_0","40","04","2.368453E-4",,,,
"t_0","25","35","4.4059637E-4",,,,
"t_0","18","13","4.0513583E-4",,,,
"t_0","34","35","4.5116962E-4",,,,
"t_0","24","30","3.4480405E-4",,,,
"t_0","11","06","1.8757574E-4",,,,
"t_0","08","07","1.3299515E-4",,,,
"t_0","05","17","2.1705295E-4",,,,
"t_0","16","22","3.9011583E-4",,,,
"t_0","14","04","2.2327113E-4",,,,
"t_0","40","27","4.2323573E-4",,,,
"t_0","34","03","2.3245935E-4",,,,
"t_0","04","31","2.3810254E-4",,,,
"t_0","17","12","3.8273152E-4",,,,
"t_0","37","13","4.3580556E-4",,,,
"t_0","17","11","3.3294395E-4",,,,
"t_0","05","21","2.2239253E-4",,,,
"t_0","20","23","4.3874167E-4",,,,
"t_0","33","14","4.0432235E-4",,,,
"t_0","28","32","4.1548623E-4",,,,
"t_0","03","18","2.1086304E-4",,,,
"t_0","17","23","4.097994E-4",,,,
"t_0","39","35","4.145449E-4",,,,
"t_0","25","04","2.5291453E-4",,,,
"t_0","33","21","4.1695315E-4",,,,
"t_0","30","05","2.2779084E-4",,,,
"t_0","30","12","3.9110184E-4",,,,
"t_0","28","39","4.0262466E-4",,,,
"t_0","06","21","2.1637569E-4",,,,
"t_0","30","36","3.8626033E-4",,,,
"t_0","24","01","1.8498681E-4",,,,
"t_0","06","39","2.2739935E-4",,,,
"t_0","13","17","3.9879224E-4",,,,
"t_0","10","37","4.4364843E-4",,,,
"t_0","04","36","2.2153299E-4",,,,
"t_0","31","29","4.2890536E-4",,,,
"t_0","27","35","4.2077262E-4",,,,
"t_0","30","31","4.1436567E-4",,,,
"t_0","11","36","3.330959E-4",,,,
"t_0","05","02","1.4282283E-4",,,,
"t_0","37","20","4.303521E-4",,,,
"t_0","03","15","2.359375E-4",,,,
"t_0","12","34","4.2790206E-4",,,,
"t_0","30","03","2.1816224E-4",,,,
"t_0","12","21","3.8386846E-4",,,,
"t_0","32","03","2.3380974E-4",,,,
"t_0","20","17","3.9643218E-4",,,,
"t_0","06","37","2.2864458E-4",,,,
"t_0","03","37","2.2961445E-4",,,,
"t_0","18","28","3.827301E-4",,,,
"t_0","38","16","3.9254624E-4",,,,
"t_0","19","25","4.161515E-4",,,,
"t_0","25","28","4.2746E-4",,,,
"t_0","06","26","1.4556792E-4",,,,
"t_0","20","33","4.4757206E-4",,,,
"t_0","28","24","3.4655313E-4",,,,
"t_0","22","10","4.0596895E-4",,,,
"t_0","39","29","4.1783202E-4",,,,
"t_0","32","38","3.9347808E-4",,,,
"t_0","29","27","4.3554732E-4",,,,
"t_0","16","38","3.9254624E-4",,,,
"t_0","31","06","2.3299508E-4",,,,
"t_0","07","09","2.08809E-4",,,,
"t_0","18","09","3.4984658E-4",,,,
"t_0","10","09","4.1677695E-4",,,,
"t_0","07","12","2.1931241E-4",,,,
"t_0","15","08","2.5744716E-4",,,,
"t_0","32","34","4.490612E-4",,,,
"t_0","12","26","2.4027558E-4",,,,
"t_0","18","20","3.9669097E-4",,,,
"t_0","29","16","4.4344497E-4",,,,
"t_0","38","20","3.9359427E-4",,,,
"t_0","17","15","4.237409E-4",,,,
"t_0","36","21","3.719422E-4",,,,
"t_0","34","19","4.2991323E-4",,,,
"t_0","37","32","4.296432E-4",,,,
"t_0","18","05","2.2083148E-4",,,,
"t_0","04","28","2.3877434E-4",,,,
"t_0","26","02","1.4961536E-4",,,,
"t_0","30","34","4.4169708E-4",,,,
"t_0","27","37","4.323511E-4",,,,
"t_0","29","31","4.2890536E-4",,,,
"t_0","17","33","4.06698E-4",,,,
"t_0","09","24","3.2361157E-4",,,,
"t_0","31","13","4.3206915E-4",,,,
"t_0","02","31","2.460945E-4",,,,
"t_0","27","11","3.513925E-4",,,,
"t_0","32","04","2.3252498E-4",,,,
"t_0","13","39","4.2648328E-4",,,,
"t_0","11","18","3.2288703E-4",,,,
"t_0","38","27","3.8534962E-4",,,,
"t_0","19","35","3.9355727E-4",,,,
"t_0","22","27","3.8581644E-4",,,,
"t_0","19","37","4.028586E-4",,,,
"t_0","04","22","2.1822518E-4",,,,
"t_0","38","25","4.0188103E-4",,,,
"t_0","17","01","2.0489907E-4",,,,
"t_0","03","35","2.2071078E-4",,,,
"t_0","23","08","2.3914133E-4",,,,
"t_0","32","24","3.51028E-4",,,,
"t_0","06","18","2.1504815E-4",,,,
"t_0","31","16","4.2633622E-4",,,,
"t_0","21","23","4.1199938E-4",,,,
"t_0","04","02","1.4809419E-4",,,,
"t_0","39","18","3.8014897E-4",,,,
"t_0","30","01","2.1696795E-4",,,,
"t_0","25","37","4.4072574E-4",,,,
"t_0","28","29","4.2472157E-4",,,,
"t_0","25","07","2.414504E-4",,,,
"t_0","18","10","4.0549962E-4",,,,
"t_0","31","35","4.1972278E-4",,,,
"t_0","17","36","3.59337E-4",,,,
"t_0","18","24","3.257279E-4",,,,
"t_0","08","05","1.3144487E-4",,,,
"t_0","30","04","2.3727467E-4",,,,
"t_0","31","10","4.420253E-4",,,,
"t_0","23","16","4.4261027E-4",,,,
"t_0","20","26","2.6711347E-4",,,,
"t_0","36","05","2.2531764E-4",,,,
"t_0","26","14","2.4803044E-4",,,,
"t_0","33","28","4.3035974E-4",,,,
"t_0","37","34","4.5045407E-4",,,,
"t_0","23","04","2.4570446E-4",,,,
"t_0","20","22","3.8734067E-4",,,,
"t_0","13","06","2.3181277E-4",,,,
"t_0","11","28","3.4463505E-4",,,,
"t_0","40","06","2.2837304E-4",,,,
"t_0","14","20","4.061925E-4",,,,
"t_0","03","14","2.1081936E-4",,,,
"t_0","32","01","2.1536245E-4",,,,
"t_0","15","35","4.4365195E-4",,,,
"t_0","26","30","2.525394E-4",,,,
"t_0","11","37","3.5500905E-4",,,,
"t_0","05","22","2.1004317E-4",,,,
"t_0","06","08","1.3156387E-4",,,,
"t_0","10","19","4.2742866E-4",,,,
"t_0","25","15","4.597746E-4",,,,
"t_0","37","18","3.897771E-4",,,,
"t_0","33","03","2.2151602E-4",,,,
"t_0","18","40","3.8562273E-4",,,,
"t_0","29","32","4.400924E-4",,,,
"t_0","40","08","2.3976949E-4",,,,
"t_0","39","40","4.1368578E-4",,,,
"t_0","13","11","3.5898355E-4",,,,
"t_0","22","24","3.1648832E-4",,,,
"t_0","40","11","3.503437E-4",,,,
"t_0","10","06","2.4094668E-4",,,,
"t_0","05","28","2.3109539E-4",,,,
"t_0","21","28","3.918637E-4",,,,
"t_0","19","24","3.4189303E-4",,,,
"t_0","29","24","3.6228375E-4",,,,
"t_0","35","26","2.6160578E-4",,,,
"t_0","09","32","3.8831297E-4",,,,
"t_0","35","23","4.2974425E-4",,,,
"t_0","28","26","2.4739793E-4",,,,
"t_0","18","08","2.1260435E-4",,,,
"t_0","27","20","4.3149406E-4",,,,
"t_0","24","35","3.5331456E-4",,,,
"t_0","31","12","3.9923762E-4",,,,
"t_0","16","19","3.9850138E-4",,,,
"t_0","40","36","3.8916778E-4",,,,
"t_0","31","34","4.432265E-4",,,,
"t_0","20","28","4.1504845E-4",,,,
"t_0","40","01","2.2600421E-4",,,,
"t_0","30","14","3.8093317E-4",,,,
"t_0","16","14","4.04553E-4",,,,
"t_0","15","13","4.5288546E-4",,,,
"t_0","13","01","2.2525212E-4",,,,
"t_0","03","22","1.9944557E-4",,,,
"t_0","20","15","4.5125213E-4",,,,
"t_0","15","11","3.770239E-4",,,,
"t_0","18","07","2.1390455E-4",,,,
"t_0","05","13","2.469157E-4",,,,
"t_0","01","38","2.0712113E-4",,,,
"t_0","16","09","3.8283045E-4",,,,
"t_0","37","35","4.1986682E-4",,,,
"t_0","34","05","2.5406966E-4",,,,
"t_0","19","16","3.9850138E-4",,,,
"t_0","30","38","3.7907876E-4",,,,
"t_0","20","19","4.1091576E-4",,,,
"t_0","38","21","3.669885E-4",,,,
"t_0","36","28","3.838641E-4",,,,
"t_0","31","19","3.981242E-4",,,,
"t_0","06","28","2.2604613E-4",,,,
"t_0","24","11","3.0488143E-4",,,,
"t_0","34","24","3.8008098E-4",,,,
"t_0","16","25","4.472312E-4",,,,
"t_0","20","24","3.596224E-4",,,,
"t_0","23","10","4.6231018E-4",,,,
"t_0","25","36","4.0242114E-4",,,,
"t_0","18","21","3.6530755E-4",,,,
"t_0","12","36","3.724974E-4",,,,
"t_0","31","05","2.3528519E-4",,,,
"t_0","02","14","2.3137376E-4",,,,
"t_0","25","01","2.3187482E-4",,,,
"t_0","16","33","4.461226E-4",,,,
"t_0","12","05","2.3172906E-4",,,,
"t_0","23","19","4.086978E-4",,,,
"t_0","26","31","2.594311E-4",,,,
"t_0","28","11","3.4463505E-4",,,,
"t_0","37","29","4.289735E-4",,,,
"t_0","36","38","3.5948583E-4",,,,
"t_0","29","28","4.2472157E-4",,,,
"t_0","12","40","4.0394563E-4",,,,
"t_0","23","39","4.2285226E-4",,,,
"t_0","03","12","2.0638714E-4",,,,
"t_0","14","37","4.0018195E-4",,,,
"t_0","36","39","3.77077E-4",,,,
"t_0","09","08","2.223099E-4",,,,
"t_0","02","33","2.550781E-4",,,,
"t_0","17","03","1.935726E-4",,,,
"t_0","07","33","2.434231E-4",,,,
"t_0","21","26","2.4097208E-4",,,,
"t_0","32","02","2.4916863E-4",,,,
"t_0","05","37","2.4249582E-4",,,,
"t_0","38","14","3.640225E-4",,,,
"t_0","34","30","4.4169708E-4",,,,
"t_0","18","33","3.9213448E-4",,,,
"t_0","23","13","4.439717E-4",,,,
"t_0","09","10","4.1677695E-4",,,,
"t_0","32","18","3.9254E-4",,,,
"t_0","40","17","3.9995436E-4",,,,
"t_0","36","01","2.0436132E-4",,,,
"t_0","16","21","4.1563465E-4",,,,
"t_0","10","24","3.792334E-4",,,,
"t_0","22","21","3.7035235E-4",,,,
"t_0","25","29","4.471431E-4",,,,
"t_0","37","30","4.1472077E-4",,,,
"t_0","12","08","2.258472E-4",,,,
"t_0","11","26","2.1790602E-4",,,,
"t_0","12","11","3.3741898E-4",,,,
"t_0","04","34","2.4973584E-4",,,,
"t_0","28","31","4.1401034E-4",,,,
"t_0","37","33","4.3403308E-4",,,,
"t_0","13","23","4.439717E-4",,,,
"t_0","12","01","2.130915E-4",,,,
"t_0","06","04","1.359969E-4",,,,
"t_0","28","35","4.0799152E-4",,,,
"t_0","04","08","1.3738922E-4",,,,
"t_0","07","34","2.5332693E-4",,,,
"t_0","03","11","1.7429277E-4",,,,
"t_0","13","21","4.0547567E-4",,,,
"t_0","31","22","3.7751364E-4",,,,
"t_0","39","10","4.393791E-4",,,,
"t_0","07","37","2.3932774E-4",,,,
"t_0","27","05","2.3923784E-4",,,,
"t_0","36","33","4.0168263E-4",,,,
"t_0","13","38","4.013613E-4",,,,
"t_0","24","09","3.2361157E-4",,,,
"t_0","19","03","2.111718E-4",,,,
"t_0","10","39","4.393791E-4",,,,
"t_0","24","28","3.4655313E-4",,,,
"t_0","24","23","3.6516733E-4",,,,
"t_0","33","20","4.4757206E-4",,,,
"t_0","11","13","3.5898355E-4",,,,
"t_0","19","40","3.9190042E-4",,,,
"t_0","13","15","4.5288546E-4",,,,
"t_0","40","26","2.548657E-4",,,,
"t_0","05","04","1.3151848E-4",,,,
"t_0","06","32","2.4562242E-4",,,,
"t_0","38","37","3.9904309E-4",,,,
"t_0","34","33","4.5610717E-4",,,,
"t_0","18","34","4.0987082E-4",,,,
"t_0","12","06","2.1625703E-4",,,,
"t_0","10","16","4.5521458E-4",,,,
"t_0","33","08","2.4687193E-4",,,,
"t_0","20","12","4.1664657E-4",,,,
"t_0","04","32","2.3252498E-4",,,,
"t_0","11","35","3.6365903E-4",,,,
"t_0","02","23","2.4958656E-4",,,,
"t_0","25","09","4.129824E-4",,,,
"t_0","01","20","2.2966764E-4",,,,
"t_0","39","30","4.1329E-4",,,,
"t_0","24","10","3.792334E-4",,,,
"t_0","30","11","3.5374382E-4",,,,
"t_0","17","29","4.0472022E-4",,,,
"t_0","26","33","2.6112143E-4",,,,
"t_0","02","24","2.1014173E-4",,,,
"t_0","01","26","1.3393676E-4",,,,
"t_0","28","08","2.33123E-4",,,,
"t_0","26","32","2.5938626E-4",,,,
"t_0","30","24","3.4480405E-4",,,,
"t_0","32","07","2.4288215E-4",,,,
"t_0","30","07","2.3167249E-4",,,,
"t_0","23","34","4.6286505E-4",,,,
"t_0","38","29","3.9620275E-4",,,,
"t_0","04","35","2.397258E-4",,,,
"t_0","29","12","4.2008402E-4",,,,
"t_0","32","28","4.1548623E-4",,,,
"t_0","26","29","2.6187452E-4",,,,
"t_0","21","15","4.2936607E-4",,,,
"t_0","08","23","2.3914133E-4",,,,
"t_0","22","04","2.1822518E-4",,,,
"t_0","39","27","4.0669984E-4",,,,
"t_0","17","39","3.8461175E-4",,,,
"t_0","36","16","4.0262842E-4",,,,
"t_0","22","23","3.872076E-4",,,,
"t_0","38","31","3.8556586E-4",,,,
"t_0","14","25","4.1441162E-4",,,,
"t_0","37","08","2.3764599E-4",,,,
"t_0","08","33","2.4687193E-4",,,,
"t_0","31","04","2.3810254E-4",,,,
"t_0","31","01","2.191702E-4",,,,
"t_0","12","18","3.766476E-4",,,,
"t_0","03","27","2.266518E-4",,,,
"t_0","18","03","2.1086304E-4",,,,
"t_0","17","13","3.9879224E-4",,,,
"t_0","15","39","4.3144674E-4",,,,
"t_0","24","27","3.5127267E-4",,,,
"t_0","01","35","2.1946714E-4",,,,
"t_0","40","10","4.4331647E-4",,,,
"t_0","04","29","2.4723992E-4",,,,
"t_0","28","36","3.838641E-4",,,,
"t_0","09","16","3.8283045E-4",,,,
"t_0","07","32","2.4288215E-4",,,,
"t_0","33","39","4.1765952E-4",,,,
"t_0","06","25","2.3609902E-4",,,,
"t_0","05","25","2.4699824E-4",,,,
"t_0","08","01","1.17540294E-4",,,,
"t_0","30","10","4.30117E-4",,,,
"t_0","27","31","4.2862303E-4",,,,
"t_0","23","21","4.1199938E-4",,,,
"t_0","22","16","3.9011583E-4",,,,
"t_0","16","35","4.2458635E-4",,,,
"t_0","28","25","4.2746E-4",,,,
"t_0","21","39","3.947343E-4",,,,
"t_0","01","22","2.0032012E-4",,,,
"t_0","04","15","2.510971E-4",,,,
"t_0","17","05","2.1705295E-4",,,,
"t_0","16","08","2.4707516E-4",,,,
"t_0","20","31","4.2689388E-4",,,,
"t_0","03","24","1.8021419E-4",,,,
"t_0","33","25","4.4650937E-4",,,,
"t_0","14","36","3.6787917E-4",,,,
"t_0","34","18","4.0987082E-4",,,,
"t_0","13","28","4.1061474E-4",,,,
"t_0","14","07","2.1987571E-4",,,,
"t_0","03","10","2.3223594E-4",,,,
"t_0","06","15","2.434004E-4",,,,
"t_0","20","08","2.4100406E-4",,,,
"t_0","09","29","3.9545321E-4",,,,
"t_0","03","13","2.2703252E-4",,,,
"t_0","40","37","4.2233246E-4",,,,
"t_0","31","36","3.905926E-4",,,,
"t_0","32","26","2.5938626E-4",,,,
"t_0","17","38","3.5344056E-4",,,,
"t_0","11","40","3.503437E-4",,,,
"t_0","27","14","3.9617665E-4",,,,
"t_0","36","29","3.987342E-4",,,,
"t_0","02","08","1.4009244E-4",,,,
"t_0","32","37","4.296432E-4",,,,
"t_0","20","05","2.4901002E-4",,,,
"t_0","29","39","4.1783202E-4",,,,
"t_0","36","20","3.958533E-4",,,,
"t_0","26","24","2.2162311E-4",,,,
"t_0","18","01","2.0672168E-4",,,,
"t_0","28","09","3.7565333E-4",,,,
"t_0","04","33","2.4092739E-4",,,,
"t_0","12","28","3.9628457E-4",,,,
"t_0","05","38","2.174193E-4",,,,
"t_0","27","18","4.008912E-4",,,,
"t_0","16","23","4.4261027E-4",,,,
"t_0","29","37","4.289735E-4",,,,
"t_0","24","39","3.501695E-4",,,,
"t_0","30","17","3.9185636E-4",,,,
"t_0","05","40","2.3520827E-4",,,,
"t_0","14","17","3.7969233E-4",,,,
"t_0","11","03","1.7429277E-4",,,,
"t_0","12","30","3.9110184E-4",,,,
"t_0","20","13","4.378519E-4",,,,
"t_0","06","20","2.3579743E-4",,,,
"t_0","22","08","2.1775858E-4",,,,
"t_0","07","21","2.2581157E-4",,,,
"t_0","08","32","2.4679612E-4",,,,
"t_0","09","22","3.5597634E-4",,,,
"t_0","25","17","4.122891E-4",,,,
"t_0","03","02","1.3362615E-4",,,,
"t_0","20","40","4.2657484E-4",,,,
"t_0","20","04","2.448329E-4",,,,
"t_0","22","34","4.004471E-4",,,,
"t_0","31","07","2.3672963E-4",,,,
"t_0","27","33","4.3439792E-4",,,,
"t_0","40","33","4.2431217E-4",,,,
"t_0","14","32","4.0192547E-4",,,,
"t_0","37","19","4.028586E-4",,,,
"t_0","03","29","2.3040205E-4",,,,
"t_0","03","19","2.111718E-4",,,,
"t_0","33","15","4.6070214E-4",,,,
"t_0","39","26","2.5102997E-4",,,,
"t_0","22","14","3.5889843E-4",,,,
"t_0","40","28","4.0883978E-4",,,,
"t_0","12","22","3.6053985E-4",,,,
"t_0","04","19","2.258093E-4",,,,
"t_0","28","14","3.9142516E-4",,,,
"t_0","28","37","4.1098037E-4",,,,
"t_0","11","12","3.3741898E-4",,,,
"t_0","27","01","2.2380742E-4",,,,
"t_0","28","30","4.1315707E-4",,,,
"t_0","22","17","3.5676436E-4",,,,
"t_0","24","25","3.719374E-4",,,,
"t_0","10","30","4.30117E-4",,,,
"t_0","02","19","2.4023616E-4",,,,
"t_0","35","36","3.8755345E-4",,,,
"t_0","10","17","4.159987E-4",,,,
"t_0","27","19","4.0709373E-4",,,,
"t_0","16","20","4.377381E-4",,,,
"t_0","26","23","2.6064995E-4",,,,
"t_0","25","16","4.472312E-4",,,,
"t_0","14","38","3.640225E-4",,,,
"t_0","21","17","3.767773E-4",,,,
"t_0","18","27","4.008912E-4",,,,
"t_0","06","11","1.8757574E-4",,,,
"t_0","38","15","4.0454388E-4",,,,
"t_0","09","21","3.748918E-4",,,,
"t_0","20","07","2.4492672E-4",,,,
"t_0","20","06","2.3579743E-4",,,,
"t_0","21","19","3.7723166E-4",,,,
"t_0","19","09","3.6748417E-4",,,,
"t_0","23","26","2.6064995E-4",,,,
"t_0","33","24","3.6352692E-4",,,,
"t_0","21","12","3.8386846E-4",,,,
"t_0","13","20","4.378519E-4",,,,
"t_0","16","26","2.6929277E-4",,,,
"t_0","40","18","3.8562273E-4",,,,
"t_0","24","03","1.8021419E-4",,,,
"t_0","13","26","2.647878E-4",,,,
"t_0","10","11","3.7410692E-4",,,,
"t_0","28","12","3.9628457E-4",,,,
"t_0","11","01","1.9139056E-4",,,,
"t_0","34","39","4.426031E-4",,,,
"t_0","23","28","4.1228608E-4",,,,
"t_0","37","40","4.2233246E-4",,,,
"t_0","34","09","4.1630332E-4",,,,
"t_0","21","07","2.2581157E-4",,,,
"t_0","37","25","4.4072574E-4",,,,
"t_0","25","19","4.161515E-4",,,,
"t_0","32","11","3.5704466E-4",,,,
"t_0","02","28","2.4050195E-4",,,,
"t_0","06","22","2.0661979E-4",,,,
"t_0","26","35","2.6160578E-4",,,,
"t_0","15","14","4.2435274E-4",,,,
"t_0","02","16","2.4777994E-4",,,,
"t_0","25","05","2.4699824E-4",,,,
"t_0","04","09","2.2025913E-4",,,,
"t_0","10","33","4.5642603E-4",,,,
"t_0","25","40","4.365953E-4",,,,
"t_0","38","17","3.5344056E-4",,,,
"t_0","13","04","2.4368906E-4",,,,
"t_0","12","19","3.8516888E-4",,,,
"t_0","40","30","4.0790217E-4",,,,
"t_0","21","01","2.149173E-4",,,,
"t_0","24","14","3.3912683E-4",,,,
"t_0","11","05","1.9594694E-4",,,,
"t_0","01","02","1.3296313E-4",,,,
"t_0","11","33","3.6498895E-4",,,,
"t_0","40","22","3.752413E-4",,,,
"t_0","34","40","4.4632988E-4",,,,
"t_0","01","19","2.1649234E-4",,,,
"t_0","18","02","2.2551249E-4",,,,
"t_0","15","19","4.2147204E-4",,,,
"t_0","21","09","3.748918E-4",,,,
"t_0","06","07","1.2637464E-4",,,,
"t_0","37","07","2.3932774E-4",,,,
"t_0","15","07","2.5040522E-4",,,,
"t_0","02","20","2.542833E-4",,,,
"t_0","35","33","4.3405333E-4",,,,
"t_0","11","27","3.513925E-4",,,,
"t_0","16","10","4.5521458E-4",,,,
"t_0","27","34","4.497997E-4",,,,
"t_0","16","24","3.631868E-4",,,,
"t_0","23","17","4.097994E-4",,,,
"t_0","11","10","3.7410692E-4",,,,
"t_0","28","02","2.4050195E-4",,,,
"t_0","09","19","3.6748417E-4",,,,
"t_0","08","40","2.3976949E-4",,,,
"t_0","19","15","4.2147204E-4",,,,
"t_0","06","34","2.4466828E-4",,,,
"t_0","04","27","2.4222561E-4",,,,
"t_0","14","15","4.2435274E-4",,,,
"t_0","35","22","3.8041046E-4",,,,
"t_0","05","10","2.5562E-4",,,,
"t_0","35","25","4.4059637E-4",,,,
"t_0","02","27","2.5132892E-4",,,,
"t_0","26","01","1.3393676E-4",,,,
"t_0","39","38","3.743534E-4",,,,
"t_0","27","04","2.4222561E-4",,,,
"t_0","38","04","2.145559E-4",,,,
"t_0","28","21","3.918637E-4",,,,
"t_0","11","14","3.350482E-4",,,,
"t_0","01","10","2.3122047E-4",,,,
"t_0","04","37","2.3751722E-4",,,,
"t_0","08","18","2.1260435E-4",,,,
"t_0","18","16","3.9575985E-4",,,,
"t_0","38","07","2.0942441E-4",,,,
"t_0","07","39","2.27145E-4",,,,
"t_0","01","32","2.1536245E-4",,,,
"t_0","26","04","1.51017E-4",,,,
"t_0","05","06","1.3380047E-4",,,,
"t_0","10","29","4.5632976E-4",,,,
"t_0","13","16","4.4546093E-4",,,,
"t_0","27","23","4.2751615E-4",,,,
"t_0","18","35","3.8000438E-4",,,,
"t_0","36","11","3.330959E-4",,,,
"t_0","38","19","3.702517E-4",,,,
"t_0","26","22","2.3098776E-4",,,,
"t_0","06","30","2.2959281E-4",,,,
"t_0","36","37","3.943446E-4",,,,
"t_0","32","27","4.4053947E-4",,,,
"t_0","36","14","3.6787917E-4",,,,
"t_0","13","32","4.287873E-4",,,,
"t_0","38","09","3.5390447E-4",,,,
"t_0","37","26","2.575871E-4",,,,
"t_0","17","14","3.7969233E-4",,,,
"t_0","39","05","2.3320549E-4",,,,
"t_0","15","21","4.2936607E-4",,,,
"t_0","30","33","4.2393402E-4",,,,
"t_0","10","40","4.4331647E-4",,,,
"t_0","29","03","2.3040205E-4",,,,
"t_0","36","15","4.085162E-4",,,,
"t_0","17","09","3.7476348E-4",,,,
"t_0","35","11","3.6365903E-4",,,,
"t_0","04","07","1.3515046E-4",,,,
"t_0","15","24","3.732985E-4",,,,
"t_0","16","15","4.5203938E-4",,,,
"t_0","08","22","2.1775858E-4",,,,
"t_0","34","36","4.2196285E-4",,,,
"t_0","38","26","2.3519038E-4",,,,
"t_0","28","04","2.3877434E-4",,,,
"t_0","35","32","4.3211953E-4",,,,
"t_0","15","40","4.4072422E-4",,,,
"t_0","19","02","2.4023616E-4",,,,
"t_0","40","32","4.1685323E-4",,,,
"t_0","27","28","4.1723903E-4",,,,
"t_0","34","16","4.6102895E-4",,,,
"t_0","30","39","4.1329E-4",,,,
"t_0","09","25","4.129824E-4",,,,
"t_0","02","26","1.4961536E-4",,,,
"t_0","10","34","4.837087E-4",,,,
"t_0","15","04","2.510971E-4",,,,
"t_0","27","36","3.9325817E-4",,,,
"t_0","04","40","2.368453E-4",,,,
"t_0","03","38","2.0978395E-4",,,,
"t_0","20","03","2.3033761E-4",,,,
"t_0","39","17","3.8461175E-4",,,,
"t_0","34","26","2.7167046E-4",,,,
"t_0","29","01","2.2706148E-4",,,,
"t_0","06","10","2.4094668E-4",,,,
"t_0","08","19","2.2173703E-4",,,,
"t_0","13","22","3.8944784E-4",,,,
"t_0","18","06","2.1504815E-4",,,,
"t_0","07","29","2.3403234E-4",,,,
"t_0","19","29","4.1569854E-4",,,,
"t_0","35","24","3.5331456E-4",,,,
"t_0","23","30","4.208238E-4",,,,
"t_0","38","03","2.0978395E-4",,,,
"t_0","11","17","3.3294395E-4",,,,
"t_0","32","20","4.3537654E-4",,,,
"t_0","09","26","2.414818E-4",,,,
"t_0","16","01","2.2506603E-4",,,,
"t_0","37","21","4.0783198E-4",,,,
"t_0","19","32","3.9753484E-4",,,,
"t_0","33","26","2.6112143E-4",,,,
"t_0","07","02","1.4000498E-4",,,,
"t_0","05","32","2.3903558E-4",,,,
"t_0","18","36","3.6889774E-4",,,,
"t_0","18","19","3.6740463E-4",,,,
"t_0","01","29","2.2706148E-4",,,,
"t_0","26","18","2.3616286E-4",,,,
"t_0","14","26","2.4803044E-4",,,,
"t_0","03","04","1.2198129E-4",,,,
"t_0","07","20","2.4492672E-4",,,,
"t_0","28","40","4.0883978E-4",,,,
"t_0","10","02","2.5854155E-4",,,,
"t_0","23","03","2.0862308E-4",,,,
"t_0","33","27","4.3439792E-4",,,,
"t_0","16","37","4.2382E-4",,,,
"t_0","03","06","1.2545534E-4",,,,
"t_0","36","27","3.9325817E-4",,,,
"t_0","23","15","4.4876608E-4",,,,
"t_0","27","09","3.9203177E-4",,,,
"t_0","39","12","3.9457885E-4",,,,
"t_0","08","39","2.3326854E-4",,,,
"t_0","16","13","4.4546093E-4",,,,
"t_0","32","12","4.0634352E-4",,,,
"t_0","32","33","4.4194146E-4",,,,
"t_0","03","30","2.1816224E-4",,,,
"t_0","21","10","4.2289004E-4",,,,
"t_0","10","23","4.6231018E-4",,,,
"t_0","11","22","3.2136837E-4",,,,
"t_0","14","33","4.0432235E-4",,,,
"t_0","34","13","4.7260485E-4",,,,
"t_0","35","21","4.050564E-4",,,,
"t_0","36","17","3.59337E-4",,,,
"t_0","07","10","2.4878813E-4",,,,
"t_0","32","09","3.8831297E-4",,,,
"t_0","09","06","2.0382764E-4",,,,
"t_0","38","30","3.7907876E-4",,,,
"t_0","26","07","1.404888E-4",,,,
"t_0","18","23","3.9673928E-4",,,,
"t_0","05","26","1.4270651E-4",,,,
"t_0","08","29","2.5359212E-4",,,,
"t_0","33","23","4.4269903E-4",,,,
"t_0","33","36","4.0168263E-4",,,,
"t_0","05","23","2.4258418E-4",,,,
"t_0","23","38","3.906993E-4",,,,
"t_0","25","20","4.4942918E-4",,,,
"t_0","06","19","2.1707747E-4",,,,
"t_0","34","02","2.6610453E-4",,,,
"t_0","25","26","2.6255107E-4",,,,
"t_0","05","36","2.2531764E-4",,,,
"t_0","04","06","1.359969E-4",,,,
"t_0","37","14","4.0018195E-4",,,,
"t_0","29","21","4.1533893E-4",,,,
"t_0","05","27","2.3923784E-4",,,,
"t_0","15","32","4.548741E-4",,,,
"t_0","35","28","4.0799152E-4",,,,
"t_0","33","29","4.4452527E-4",,,,
"t_0","12","04","2.2363695E-4",,,,
"t_0","27","02","2.5132892E-4",,,,
"t_0","28","18","3.827301E-4",,,,
"t_0","11","32","3.5704466E-4",,,,
"t_0","31","15","4.467217E-4",,,,
"t_0","01","25","2.3187482E-4",,,,
"t_0","03","21","2.1272949E-4",,,,
"t_0","38","34","4.0788777E-4",,,,
"t_0","12","09","3.782263E-4",,,,
"t_0","08","21","2.3739338E-4",,,,
"t_0","22","39","3.721955E-4",,,,
"t_0","38","32","3.9347808E-4",,,,
"t_0","19","33","4.1347867E-4",,,,
"t_0","23","25","4.54977E-4",,,,
"t_0","32","19","3.9753484E-4",,,,
"t_0","28","34","4.3587812E-4",,,,
"t_0","01","27","2.2380742E-4",,,,
"t_0","29","17","4.0472022E-4",,,,
"t_0","17","02","2.381739E-4",,,,
"t_0","17","21","3.767773E-4",,,,
"t_0","13","24","3.6906573E-4",,,,
"t_0","33","05","2.4123813E-4",,,,
"t_0","34","20","4.5986407E-4",,,,
"t_0","25","38","4.0188103E-4",,,,
"t_0","21","27","4.0805194E-4",,,,
"t_0","25","13","4.6089257E-4",,,,
"t_0","04","24","2.0945026E-4",,,,
"t_0","14","18","3.6644327E-4",,,,
"t_0","12","10","4.2802334E-4",,,,
"t_0","09","31","3.7725404E-4",,,,
"t_0","28","07","2.3085611E-4",,,,
"t_0","28","22","3.7496872E-4",,,,
"t_0","23","29","4.42153E-4",,,,
"t_0","03","16","2.2986368E-4",,,,
"t_0","01","36","2.0436132E-4",,,,
"t_0","21","37","4.0783198E-4",,,,
"t_0","30","35","4.204514E-4",,,,
"t_0","04","01","1.2829191E-4",,,,
"t_0","10","21","4.2289004E-4",,,,
"t_0","12","35","4.0458114E-4",,,,
"t_0","23","32","4.27755E-4",,,,
"t_0","31","28","4.1401034E-4",,,,
"t_0","06","05","1.3380047E-4",,,,
"t_0","07","04","1.3515046E-4",,,,
"t_0","09","39","3.7915245E-4",,,,
"t_0","30","15","4.3983047E-4",,,,
"t_0","30","16","4.261412E-4",,,,
"t_0","01","34","2.3915911E-4",,,,
"t_0","12","29","4.2008402E-4",,,,
"t_0","26","15","2.703767E-4",,,,
"t_0","39","06","2.2739935E-4",,,,
"t_0","18","14","3.6644327E-4",,,,
"t_0","04","26","1.51017E-4",,,,
"t_0","39","08","2.3326854E-4",,,,
"t_0","10","12","4.2802334E-4",,,,
"t_0","26","13","2.647878E-4",,,,
"t_0","15","12","4.287351E-4",,,,
"t_0","37","06","2.2864458E-4",,,,
"t_0","03","09","1.966619E-4",,,,
"t_0","29","38","3.9620275E-4",,,,
"t_0","11","29","3.6323268E-4",,,,
"t_0","07","06","1.2637464E-4",,,,
"t_0","13","14","4.0927355E-4",,,,
"t_0","04","39","2.2901598E-4",,,,
"t_0","20","30","4.2210455E-4",,,,
"t_0","02","12","2.3705218E-4",,,,
"t_0","35","07","2.4124533E-4",,,,
"t_0","30","19","3.9080408E-4",,,,
"t_0","36","35","3.8755345E-4",,,,
"t_0","22","09","3.5597634E-4",,,,
"t_0","08","10","2.4859284E-4",,,,
"t_0","37","05","2.4249582E-4",,,,
"t_0","35","29","4.3544237E-4",,,,
"t_0","36","10","4.093717E-4",,,,
"t_0","33","30","4.2393402E-4",,,,
"t_0","14","16","4.04553E-4",,,,
"t_0","10","13","4.658587E-4",,,,
"t_0","05","18","2.2083148E-4",,,,
"t_0","06","03","1.2545534E-4",,,,
"t_0","33","38","3.9563776E-4",,,,
"t_0","08","06","1.3156387E-4",,,,
"t_0","15","09","4.1183553E-4",,,,
"t_0","40","21","4.0510428E-4",,,,
"t_0","31","37","4.1670434E-4",,,,
"t_0","26","20","2.6711347E-4",,,,
"t_0","04","21","2.2991632E-4",,,,
"t_0","30","27","4.1548707E-4",,,,
"t_0","28","33","4.3035974E-4",,,,
"t_0","23","18","3.9673928E-4",,,,
"t_0","02","04","1.4809419E-4",,,,
"t_0","15","30","4.3983047E-4",,,,
"t_0","17","18","3.557402E-4",,,,
"t_0","32","10","4.3906312E-4",,,,
"t_0","37","01","2.2317572E-4",,,,
"t_0","19","22","3.626209E-4",,,,
"t_0","05","30","2.2779084E-4",,,,
"t_0","32","29","4.400924E-4",,,,
"t_0","06","13","2.3181277E-4",,,,
"t_0","35","30","4.204514E-4",,,,
"t_0","22","06","2.0661979E-4",,,,
"t_0","19","21","3.7723166E-4",,,,
"t_0","27","25","4.4391883E-4",,,,
"t_0","33","06","2.356626E-4",,,,
"t_0","02","30","2.4171111E-4",,,,
"t_0","31","14","3.9275957E-4",,,,
"t_0","07","36","2.1644987E-4",,,,
"t_0","31","09","3.7725404E-4",,,,
"t_0","27","38","3.8534962E-4",,,,
"t_0","03","07","1.2594703E-4",,,,
"t_0","06","17","2.1520542E-4",,,,
"t_0","02","25","2.5656415E-4",,,,
"t_0","16","39","4.1993026E-4",,,,
"t_0","13","05","2.469157E-4",,,,
"t_0","34","04","2.4973584E-4",,,,
"t_0","01","30","2.1696795E-4",,,,
"t_0","39","11","3.4217146E-4",,,,
"t_0","36","13","3.9559617E-4",,,,
"t_0","17","24","3.311083E-4",,,,
"t_0","04","17","2.3277012E-4",,,,
"t_0","21","14","3.8568495E-4",,,,
"t_0","36","26","2.3900812E-4",,,,
"t_0","38","08","2.1897924E-4",,,,
"t_0","01","39","2.140322E-4",,,,
"t_0","05","33","2.4123813E-4",,,,
"t_0","34","01","2.3915911E-4",,,,
"t_0","17","35","4.0446155E-4",,,,
"t_0","37","15","4.3885718E-4",,,,
"t_0","05","12","2.3172906E-4",,,,
"t_0","01","03","1.1418665E-4",,,,
"t_0","34","21","4.240116E-4",,,,
"t_0","05","09","2.1683726E-4",,,,
"t_0","37","02","2.4629675E-4",,,,
"t_0","06","40","2.2837304E-4",,,,
"t_0","30","21","4.0351786E-4",,,,
"t_0","37","09","3.7630097E-4",,,,
"t_0","39","32","4.1346494E-4",,,,
"t_0","25","11","3.7044619E-4",,,,
"t_0","15","27","4.4780053E-4",,,,
"t_0","22","36","3.4824354E-4",,,,
"t_0","27","24","3.5127267E-4",,,,
"t_0","31","02","2.460945E-4",,,,
"t_0","39","31","4.0416577E-4",,,,
"t_0","21","35","4.050564E-4",,,,
"t_0","14","02","2.3137376E-4",,,,
"t_0","06","23","2.3307823E-4",,,,
"t_0","12","33","4.1338996E-4",,,,
"t_0","40","13","4.2288634E-4",,,,
"t_0","25","12","4.2606963E-4",,,,
"t_0","26","28","2.4739793E-4",,,,
"t_0","12","23","4.179451E-4",,,,
"t_0","02","39","2.3316588E-4",,,,
"t_0","04","23","2.4570446E-4",,,,
"t_0","40","14","3.935972E-4",,,,
"t_0","29","14","4.1009914E-4",,,,
"t_0","22","05","2.1004317E-4",,,,
"t_0","26","25","2.6255107E-4",,,,
"t_0","32","17","3.924365E-4",,,,
"t_0","05","35","2.3391357E-4",,,,
"t_0","05","19","2.3239995E-4",,,,
"t_0","18","22","3.4842826E-4",,,,
"t_0","14","12","3.866326E-4",,,,
"t_0","19","23","4.086978E-4",,,,
"t_0","14","11","3.350482E-4",,,,
"t_0","24","40","3.5054336E-4",,,,
"t_0","01","04","1.2829191E-4",,,,
"t_0","01","14","2.1125677E-4",,,,
"t_0","07","23","2.4171018E-4",,,,
"t_0","07","08","1.3299515E-4",,,,
"t_0","29","36","3.987342E-4",,,,
"t_0","36","22","3.4824354E-4",,,,
"t_0","10","27","4.5337915E-4",,,,
"t_0","06","27","2.3949912E-4",,,,
"t_0","16","11","3.5848215E-4",,,,
"t_0","24","31","3.5497887E-4",,,,
"t_0","22","31","3.7751364E-4",,,,
"t_0","27","39","4.0669984E-4",,,,
"t_0","23","40","4.2826132E-4",,,,
"t_0","13","34","4.7260485E-4",,,,
"t_0","09","20","3.866526E-4",,,,
"t_0","09","27","3.9203177E-4",,,,
"t_0","34","15","4.682081E-4",,,,
"t_0","22","33","3.9184408E-4",,,,
"t_0","35","19","3.9355727E-4",,,,
"t_0","15","02","2.631898E-4",,,,
"t_0","22","11","3.2136837E-4",,,,
"t_0","27","26","2.5565107E-4",,,,
"t_0","04","18","2.2071732E-4",,,,
"t_0","15","16","4.5203938E-4",,,,
"t_0","26","09","2.414818E-4",,,,
"t_0","19","12","3.8516888E-4",,,,
"t_0","13","03","2.2703252E-4",,,,
"t_0","29","34","4.573097E-4",,,,
"t_0","28","17","3.852882E-4",,,,
"t_0","20","27","4.3149406E-4",,,,
"t_0","09","05","2.1683726E-4",,,,
"t_0","19","08","2.2173703E-4",,,,
"t_0","33","19","4.1347867E-4",,,,
"t_0","07","19","2.2829969E-4",,,,
"t_0","09","40","3.883085E-4",,,,
"t_0","39","09","3.7915245E-4",,,,
"t_0","22","18","3.4842826E-4",,,,
"t_0","24","12","3.4169905E-4",,,,
"t_0","35","38","3.876032E-4",,,,
"t_0","40","03","2.0875418E-4",,,,
"t_0","16","31","4.2633622E-4",,,,
"t_0","39","07","2.27145E-4",,,,
"t_0","35","27","4.2077262E-4",,,,
"t_0","05","03","1.2775468E-4",,,,
"t_0","08","26","1.3913593E-4",,,,
"t_0","37","36","3.943446E-4",,,,
"t_0","24","37","3.5354705E-4",,,,
"t_0","07","17","2.2528715E-4",,,,
"t_0","21","20","4.1692445E-4",,,,
"t_0","25","18","4.0487468E-4",,,,
"t_0","05","39","2.3320549E-4",,,,
"t_0","19","14","3.7698844E-4",,,,
"t_0","23","22","3.872076E-4",,,,
"t_0","29","11","3.6323268E-4",,,,
"t_0","21","18","3.6530755E-4",,,,
"t_0","02","17","2.381739E-4",,,,
"t_0","19","31","3.981242E-4",,,,
"t_0","02","32","2.4916863E-4",,,,
"t_0","31","27","4.2862303E-4",,,,
"t_0","33","34","4.5610717E-4",,,,
"t_0","07","40","2.3830116E-4",,,,
"t_0","25","27","4.4391883E-4",,,,
"t_0","05","01","1.2577002E-4",,,,
"t_0","21","22","3.7035235E-4",,,,
"t_0","12","39","3.9457885E-4",,,,
"t_0","38","13","4.013613E-4",,,,
"t_0","24","21","3.384665E-4",,,,
"t_0","34","28","4.3587812E-4",,,,
"t_0","06","09","2.0382764E-4",,,,
"t_0","09","02","2.2542031E-4",,,,
"t_0","19","26","2.4308696E-4",,,,
"t_0","32","30","4.282709E-4",,,,
"t_0","06","38","2.0958688E-4",,,,
"t_0","31","08","2.3330643E-4",,,,
"t_0","36","12","3.724974E-4",,,,
"t_0","17","07","2.2528715E-4",,,,
"t_0","09","18","3.4984658E-4",,,,
"t_0","40","35","4.1586062E-4",,,,
"t_0","35","04","2.397258E-4",,,,
"t_0","16","06","2.3538776E-4",,,,
"t_0","40","19","3.9190042E-4",,,,
"t_0","01","18","2.0672168E-4",,,,
"t_0","19","06","2.1707747E-4",,,,
"t_0","14","22","3.5889843E-4",,,,
"t_0","09","36","3.5796475E-4",,,,
"t_0","29","08","2.5359212E-4",,,,
"t_0","16","03","2.2986368E-4",,,,
"t_0","38","18","3.5803884E-4",,,,
"t_0","02","37","2.4629675E-4",,,,
"t_0","09","07","2.08809E-4",,,,
"t_0","10","20","4.535747E-4",,,,
"t_0","32","31","4.316875E-4",,,,
"t_0","33","31","4.3658237E-4",,,,
"t_0","20","14","4.061925E-4",,,,
"t_0","21","16","4.1563465E-4",,,,
"t_0","19","07","2.2829969E-4",,,,
"t_0","17","26","2.4798297E-4",,,,
"t_0","33","11","3.6498895E-4",,,,
"t_0","01","12","2.130915E-4",,,,
"t_0","17","31","3.862314E-4",,,,
"t_0","08","16","2.4707516E-4",,,,
"t_0","22","40","3.752413E-4",,,,
"t_0","14","08","2.2801034E-4",,,,
"t_0","30","29","4.1690725E-4",,,,
"t_0","07","27","2.386331E-4",,,,
"t_0","22","07","2.127056E-4",,,,
"t_0","17","25","4.122891E-4",,,,
"t_0","29","04","2.4723992E-4",,,,
"t_0","09","23","4.0067462E-4",,,,
"t_0","20","02","2.542833E-4",,,,
"t_0","36","07","2.1644987E-4",,,,
"t_0","23","02","2.4958656E-4",,,,
"t_0","03","34","2.3245935E-4",,,,
"t_0","22","12","3.6053985E-4",,,,
"t_0","01","21","2.149173E-4",,,,
"t_0","10","32","4.3906312E-4",,,,
"t_0","15","25","4.597746E-4",,,,
"t_0","07","01","1.1866936E-4",,,,
"t_0","31","23","4.1390373E-4",,,,
"t_0","11","23","3.5893556E-4",,,,
"t_0","04","10","2.4982225E-4",,,,
"t_0","15","17","4.237409E-4",,,,
"t_0","11","25","3.7044619E-4",,,,
"t_0","26","12","2.4027558E-4",,,,
"t_0","34","17","4.251509E-4",,,,
"t_0","33","40","4.2431217E-4",,,,
"t_0","16","28","4.2635176E-4",,,,
"t_0","07","22","2.127056E-4",,,,
"t_0","12","13","4.1734756E-4",,,,
"t_0","39","36","3.77077E-4",,,,
"t_0","21","32","4.1812868E-4",,,,
"t_0","02","07","1.4000498E-4",,,,
"t_0","13","36","3.9559617E-4",,,,
"t_0","06","12","2.1625703E-4",,,,
"t_0","40","39","4.1368578E-4",,,,
"t_0","04","14","2.2327113E-4",,,,
"t_0","13","12","4.1734756E-4",,,,
"t_0","26","40","2.548657E-4",,,,
"t_0","39","16","4.1993026E-4",,,,
"t_0","28","06","2.2604613E-4",,,,
"t_0","17","34","4.251509E-4",,,,
"t_0","08","03","1.242492E-4",,,,
"t_0","09","30","3.8395636E-4",,,,
"t_0","01","24","1.8498681E-4",,,,
"t_0","07","28","2.3085611E-4",,,,
"t_0","37","11","3.5500905E-4",,,,
"t_0","18","30","3.8086597E-4",,,,
"t_0","14","23","4.1148593E-4",,,,
"t_0","13","30","4.2263468E-4",,,,
"t_0","08","04","1.3738922E-4",,,,
"t_0","38","40","3.8488233E-4",,,,
